5 0.091835 0.487627 0.019867 0.026670
5 0.189956 0.485104 0.020678 0.031716
5 0.118596 0.589621 0.030409 0.044690
5 0.207796 0.589621 0.032842 0.038924
5 0.474179 0.477896 0.017435 0.025949
5 0.568650 0.476815 0.018245 0.028112
5 0.477423 0.578449 0.026355 0.043969
5 0.560947 0.579530 0.028787 0.040365
5 0.668595 0.471769 0.019462 0.028112
5 0.763471 0.470688 0.018651 0.031716
5 0.659269 0.574124 0.029193 0.042528
5 0.745429 0.574124 0.029598 0.043969
5 0.856266 0.469967 0.018245 0.028832
5 0.953575 0.465642 0.018245 0.031716
5 0.834980 0.573043 0.027571 0.046132
5 0.927626 0.569799 0.026355 0.045411
