5 0.090100 0.484541 0.022802 0.034395
5 0.189255 0.483313 0.024875 0.034395
5 0.117739 0.587113 0.032476 0.042994
5 0.205838 0.586498 0.029021 0.041766
5 0.474795 0.479136 0.018764 0.030976
5 0.566941 0.476753 0.019434 0.035741
5 0.477141 0.579212 0.027476 0.040507
5 0.563255 0.579212 0.025466 0.040507
5 0.668540 0.469297 0.018447 0.029672
5 0.762533 0.467345 0.020204 0.035138
5 0.660194 0.571196 0.028989 0.044508
5 0.748917 0.570025 0.026353 0.048412
5 0.857053 0.470658 0.019676 0.030495
5 0.952405 0.464829 0.020685 0.031392
5 0.835611 0.571560 0.026234 0.045742
5 0.927684 0.566179 0.028757 0.045742
