5 0.097620 0.480443 0.010694 0.012493
5 0.146659 0.484245 0.010388 0.012493
5 0.121757 0.536933 0.014971 0.016839
5 0.163921 0.535304 0.013749 0.020098
5 0.194017 0.482072 0.011610 0.014666
5 0.242903 0.483158 0.010999 0.016839
5 0.210516 0.538834 0.017110 0.022814
5 0.256652 0.537205 0.017721 0.019554
5 0.296525 0.484516 0.009472 0.014123
5 0.344648 0.485331 0.009777 0.014666
5 0.308288 0.536662 0.017721 0.022814
5 0.353814 0.538020 0.015277 0.019011
5 0.488098 0.486961 0.009472 0.013579
5 0.534693 0.486961 0.008555 0.014666
5 0.488556 0.537205 0.015277 0.021727
5 0.530110 0.537748 0.014055 0.023900
5 0.585412 0.487504 0.009777 0.013579
5 0.632465 0.488319 0.009777 0.015209
5 0.581135 0.537476 0.013444 0.023357
5 0.622535 0.540464 0.013138 0.021727
5 0.680129 0.489405 0.009166 0.013036
5 0.728862 0.489133 0.009472 0.012493
5 0.669130 0.541550 0.014055 0.021727
5 0.712058 0.540192 0.014360 0.021184
