5 0.099680 0.482497 0.011023 0.013437
5 0.147079 0.483337 0.010708 0.013997
5 0.122041 0.535687 0.014802 0.019036
5 0.165345 0.536527 0.015747 0.017357
5 0.194163 0.482777 0.011023 0.017357
5 0.242821 0.481657 0.011338 0.017357
5 0.211799 0.536527 0.013542 0.020716
5 0.256206 0.536527 0.013542 0.021836
5 0.296517 0.485149 0.009763 0.015117
5 0.345647 0.485989 0.009763 0.016797
5 0.309272 0.535259 0.015117 0.023516
5 0.353836 0.536659 0.016062 0.020716
5 0.488001 0.487388 0.010393 0.013997
5 0.534927 0.487388 0.008503 0.016237
5 0.488945 0.537219 0.014172 0.021836
5 0.530045 0.537779 0.014487 0.020716
5 0.585160 0.487388 0.010708 0.015117
5 0.632401 0.487108 0.010708 0.019036
5 0.581538 0.538339 0.014172 0.021836
5 0.624212 0.540018 0.016377 0.022956
5 0.680114 0.487108 0.009763 0.015677
5 0.727828 0.488788 0.010078 0.015677
5 0.668619 0.541978 0.014487 0.019036
5 0.713813 0.542258 0.014172 0.022956
