5 0.097058 0.479779 0.012752 0.017812
5 0.146244 0.480588 0.013663 0.016193
5 0.120740 0.531597 0.015485 0.021051
5 0.165372 0.534026 0.014574 0.016193
5 0.194292 0.479779 0.012297 0.019432
5 0.242796 0.480993 0.012752 0.018622
5 0.212054 0.533621 0.015940 0.023480
5 0.255548 0.535645 0.015485 0.022670
5 0.296537 0.482208 0.010930 0.016193
5 0.345495 0.484637 0.012297 0.017812
5 0.309061 0.533621 0.017762 0.025099
5 0.353921 0.536050 0.018217 0.020241
5 0.487767 0.486603 0.010019 0.014574
5 0.534448 0.486603 0.011386 0.017812
5 0.488677 0.536801 0.014574 0.024290
5 0.531032 0.535992 0.014574 0.022670
5 0.584318 0.486198 0.011841 0.015383
5 0.633049 0.487412 0.010930 0.016193
5 0.580902 0.536801 0.013207 0.024290
5 0.620752 0.537611 0.017306 0.024290
5 0.679503 0.489032 0.010930 0.016193
5 0.728462 0.488627 0.010475 0.017003
5 0.670622 0.538825 0.013207 0.025099
5 0.712522 0.541254 0.015029 0.023480
