5 0.091370 0.486453 0.018929 0.032965
5 0.190457 0.485079 0.020088 0.030218
5 0.118990 0.588094 0.027041 0.043953
5 0.206295 0.586034 0.027814 0.039832
5 0.473907 0.477234 0.020723 0.029824
5 0.568394 0.475041 0.020230 0.035964
5 0.477114 0.575476 0.028124 0.043858
5 0.561240 0.577669 0.023684 0.042981
5 0.667862 0.471453 0.019594 0.028863
5 0.763594 0.469960 0.018475 0.035830
5 0.661144 0.572473 0.025193 0.047773
5 0.748198 0.571975 0.026872 0.048768
5 0.856845 0.468543 0.021276 0.024629
5 0.953081 0.466784 0.018802 0.033425
5 0.837301 0.570139 0.025729 0.051897
5 0.925126 0.570139 0.027213 0.046620
