5 0.097785 0.480948 0.010880 0.014615
5 0.146021 0.482022 0.010639 0.012465
5 0.122810 0.535323 0.016441 0.016764
5 0.164639 0.535538 0.014507 0.017194
5 0.193791 0.481208 0.011364 0.015904
5 0.243720 0.481852 0.010155 0.017194
5 0.213134 0.537087 0.015233 0.021062
5 0.257018 0.536227 0.013540 0.020203
5 0.297155 0.483572 0.011606 0.015474
5 0.345633 0.484646 0.009430 0.015044
5 0.309244 0.536442 0.014507 0.022352
5 0.354095 0.536872 0.014749 0.019773
5 0.487682 0.484216 0.010155 0.012465
5 0.534951 0.485721 0.010397 0.015474
5 0.489133 0.535582 0.014024 0.020632
5 0.530357 0.537087 0.013782 0.021062
5 0.585364 0.486581 0.009188 0.012895
5 0.633358 0.487010 0.011364 0.015474
5 0.580770 0.537517 0.013540 0.023641
5 0.624291 0.540526 0.014507 0.022782
5 0.679781 0.485936 0.011364 0.012465
5 0.728743 0.487225 0.010639 0.014185
5 0.668417 0.540956 0.014265 0.021062
5 0.712422 0.541170 0.014265 0.019773
