5 0.089998 0.484989 0.021477 0.029999
5 0.187922 0.481808 0.021988 0.027272
5 0.116333 0.587260 0.032215 0.041817
5 0.206075 0.585442 0.034772 0.038181
5 0.472490 0.477262 0.019431 0.027272
5 0.566067 0.472262 0.017386 0.029999
5 0.475558 0.574533 0.029658 0.043635
5 0.560442 0.574987 0.027613 0.042726
5 0.666036 0.467262 0.021988 0.029090
5 0.761148 0.468171 0.018920 0.029090
5 0.658622 0.570896 0.027613 0.039999
5 0.744018 0.571806 0.028636 0.039999
5 0.854470 0.465899 0.017386 0.026363
5 0.952138 0.464990 0.018409 0.028181
5 0.834527 0.570896 0.028636 0.043635
5 0.924014 0.566806 0.026590 0.044544
