5 0.090935 0.487811 0.025436 0.032785
5 0.188228 0.483854 0.022893 0.031654
5 0.115099 0.588991 0.035611 0.047481
5 0.205716 0.586165 0.032431 0.044090
5 0.474069 0.475941 0.019713 0.031654
5 0.567547 0.474810 0.019713 0.033915
5 0.475658 0.579382 0.027980 0.046351
5 0.561506 0.578251 0.026708 0.044090
5 0.667702 0.471419 0.019077 0.024871
5 0.761181 0.469158 0.019077 0.033915
5 0.660071 0.572034 0.030524 0.042959
5 0.746237 0.570338 0.032431 0.050873
5 0.855931 0.468593 0.019077 0.030524
5 0.953224 0.466332 0.019077 0.028263
5 0.835582 0.571468 0.030524 0.048612
5 0.925245 0.570903 0.031795 0.045220
