5 0.089599 0.483672 0.022332 0.030018
5 0.188458 0.481251 0.025055 0.029049
5 0.116288 0.586313 0.027778 0.043574
5 0.203164 0.586313 0.027234 0.041637
5 0.472234 0.473989 0.020698 0.026144
5 0.565373 0.470600 0.019608 0.029049
5 0.475502 0.575177 0.030502 0.044542
5 0.559654 0.575662 0.027778 0.041637
5 0.665593 0.470115 0.018519 0.026144
5 0.760912 0.463821 0.018519 0.027113
5 0.659602 0.572272 0.027234 0.042606
5 0.742937 0.573241 0.028323 0.040669
5 0.853755 0.465758 0.017974 0.021303
5 0.951796 0.461401 0.020153 0.030018
5 0.835236 0.570336 0.025600 0.044542
5 0.923201 0.566947 0.028323 0.039701
