5 0.089656 0.482882 0.019098 0.030180
5 0.188066 0.481938 0.018568 0.026408
5 0.114060 0.585683 0.029709 0.047156
5 0.203981 0.585211 0.029178 0.040555
5 0.472419 0.475808 0.021751 0.027351
5 0.565788 0.471564 0.021751 0.030180
5 0.475071 0.574365 0.029178 0.045270
5 0.560483 0.572950 0.028117 0.042441
5 0.666585 0.467792 0.019629 0.026408
5 0.761281 0.466848 0.020159 0.028294
5 0.658362 0.571064 0.028648 0.042441
5 0.744040 0.571536 0.025995 0.049043
5 0.854375 0.466377 0.015385 0.025464
5 0.951989 0.464019 0.020690 0.030180
5 0.833951 0.570593 0.026525 0.041498
5 0.925198 0.565877 0.025464 0.043384
