5 0.097744 0.483930 0.012937 0.013416
5 0.146616 0.486486 0.010062 0.013416
5 0.122180 0.537274 0.014374 0.019166
5 0.164404 0.537913 0.014734 0.017888
5 0.192973 0.483611 0.012218 0.016610
5 0.241486 0.484569 0.013655 0.017249
5 0.211300 0.537913 0.015812 0.020443
5 0.256219 0.536955 0.015093 0.021082
5 0.297545 0.484888 0.010781 0.014055
5 0.345878 0.487763 0.011859 0.015971
5 0.309763 0.538233 0.015093 0.021082
5 0.353425 0.539191 0.014015 0.021721
5 0.488722 0.489041 0.010781 0.013416
5 0.534359 0.487763 0.010062 0.014694
5 0.488901 0.537913 0.014015 0.020443
5 0.531305 0.539510 0.014015 0.021082
5 0.585208 0.488083 0.008984 0.012777
5 0.632283 0.489360 0.011140 0.015332
5 0.581075 0.539191 0.014374 0.022999
5 0.624198 0.541107 0.014374 0.019166
5 0.680078 0.491596 0.009703 0.013416
5 0.728950 0.491916 0.009703 0.015332
5 0.668399 0.542066 0.015093 0.021082
5 0.713857 0.543024 0.015452 0.020443
