5 0.089463 0.485234 0.020776 0.033360
5 0.186975 0.482851 0.022786 0.033360
5 0.115265 0.589485 0.037530 0.044083
5 0.203059 0.585315 0.033509 0.042892
5 0.471812 0.476577 0.018765 0.026212
5 0.565973 0.477173 0.022116 0.029786
5 0.473152 0.577254 0.033509 0.041701
5 0.560946 0.578446 0.029488 0.041701
5 0.665831 0.469429 0.016755 0.026212
5 0.761332 0.468833 0.018765 0.034552
5 0.658124 0.570701 0.029488 0.047658
5 0.739551 0.571893 0.035520 0.047658
5 0.854905 0.468237 0.016755 0.028595
5 0.950406 0.462876 0.020106 0.029786
5 0.832453 0.570701 0.030829 0.042892
5 0.923264 0.569510 0.031499 0.045275
