5 0.089735 0.485458 0.023449 0.037181
5 0.188285 0.482641 0.024083 0.033801
5 0.116036 0.586297 0.038026 0.047321
5 0.206348 0.586297 0.034857 0.047321
5 0.472157 0.474903 0.017745 0.030421
5 0.566588 0.474903 0.020281 0.034928
5 0.475642 0.577432 0.032322 0.046195
5 0.562785 0.578559 0.032956 0.043941
5 0.666089 0.472650 0.019013 0.028167
5 0.761471 0.469833 0.023449 0.036054
5 0.659118 0.572926 0.031688 0.046195
5 0.744360 0.572926 0.029787 0.043941
5 0.856769 0.468143 0.019013 0.030421
5 0.953101 0.465326 0.019013 0.027041
5 0.834270 0.572362 0.029787 0.047321
5 0.923631 0.568982 0.032322 0.040561
